1
4
12
0.816634 0.073019 -0.106189 0.092970 0.079313 -0.081255 0.036432 -0.154426 -0.092968 0.314276 -0.125783 -0.347563 
0.005254 0.985056 -0.076703 -0.107777 -0.120166 -0.021316 -0.007901 0.019820 -0.172485 0.130185 0.017609 -0.379386 
0.037521 -0.055975 0.742835 0.058466 -0.018897 0.025807 -0.080898 0.015010 0.033384 -0.005759 -0.065693 -0.091229 
0.007777 -0.030996 -0.044576 0.803649 0.123094 -0.272306 0.171152 -0.267202 -0.009788 -0.023142 0.157964 -0.211246 
0.010601 -0.082467 0.047550 -0.023194 0.778803 -0.002958 0.004621 -0.042177 0.022271 -0.109923 0.014823 0.008791 
0.011694 0.005718 0.022359 -0.075661 0.000725 0.631268 -0.009180 -0.038640 0.132605 -0.043411 -0.126829 -0.039062 
-0.020947 0.013141 -0.057175 -0.107756 0.057714 -0.149046 0.793387 -0.111373 -0.073495 -0.103539 0.147112 -0.243720 
0.007231 0.012009 0.050420 0.048223 -0.152321 0.135941 -0.204484 0.906852 0.013696 0.092329 -0.186268 0.195006 
0.017871 0.056786 -0.039011 -0.014582 0.019470 -0.108819 0.044848 -0.106951 0.650230 0.067014 -0.021001 -0.174364 
0.014395 -0.018083 0.011420 0.000144 0.038606 -0.033618 -0.046593 0.020593 -0.012392 0.601734 0.165849 -0.008749 
0.002867 0.003286 -0.083239 -0.091249 0.064626 -0.116105 0.166160 -0.351937 0.020005 -0.013721 0.816017 -0.055627 
0.000905 -0.047745 -0.000950 0.008693 -0.005018 0.037219 -0.024201 0.056574 -0.069460 0.071687 0.043657 0.748498 
0.022140 0.024651 -0.000598 -0.019801 -0.015442 -0.015123 -0.010984 0.006984 -0.007928 -0.000052 -0.015038 -0.004661 
1.0 1.0 1.0 1.0 1.0 1.0 1.0 1.0 1.0 1.0 1.0 1.0 
24
0.783976 -0.202031 -0.017457 -0.345184 -0.032640 -0.078410 -0.611182 0.092346 -0.579449 -0.017118 0.092780 -0.550440 0.099426 0.134074 -0.075797 0.257223 -0.033270 -0.034802 0.410215 0.000257 0.358794 -0.051245 -0.166674 0.198058 
-0.027552 0.979038 0.054176 -0.124970 -0.044526 0.046519 -0.201546 0.092648 -0.290336 0.221787 -0.139862 -0.141561 0.028212 0.016008 -0.013864 0.032372 0.032198 -0.164512 0.152639 -0.064855 0.203690 -0.232637 0.024945 0.062879 
-0.079463 0.101909 0.917908 0.132620 -0.004108 -0.041243 -0.039549 0.207382 -0.251400 0.301559 -0.253950 -0.046705 0.038456 -0.078700 -0.022327 0.001256 -0.068010 0.085008 -0.038692 -0.206268 0.180378 -0.197917 0.065920 0.209653 
0.044050 -0.023466 0.133244 0.977191 0.265109 -0.112882 -0.002425 0.142745 -0.060497 0.131036 -0.226229 0.359625 -0.007610 -0.029360 -0.063796 -0.083776 -0.141054 -0.045574 0.079040 -0.218388 0.051124 -0.089420 0.243002 -0.418699 
-0.038999 0.050021 0.025332 0.158262 1.034114 0.111336 -0.117030 0.392021 -0.461303 0.430463 -0.123248 0.290425 0.026039 -0.038398 -0.020257 -0.103289 -0.136845 -0.014422 0.090648 -0.219080 0.389757 -0.253457 0.009841 -0.204595 
0.056830 -0.055807 0.072380 -0.151572 0.150851 0.760375 0.191447 -0.130910 -0.093420 0.056140 -0.008585 0.049336 -0.036172 0.019977 -0.047608 0.049863 -0.118859 0.057867 -0.138057 0.071300 0.107726 -0.099367 -0.045755 -0.141577 
0.023331 -0.025154 0.041362 0.018900 -0.025390 0.101249 0.832287 0.039400 0.019933 -0.030794 0.287972 -0.229138 -0.025753 0.020272 -0.060193 -0.035085 -0.007935 -0.098120 -0.081228 0.010166 -0.018387 -0.021020 -0.243179 0.082889 
-0.013238 0.051723 -0.023937 -0.002895 0.062717 -0.108410 0.251338 0.832603 -0.093967 -0.007510 -0.113431 0.296087 -0.006077 -0.010641 0.049934 0.037750 0.029495 0.043682 -0.208964 -0.036992 0.139397 0.129091 0.032614 -0.223996 
0.046941 0.018614 -0.001776 0.010691 0.010312 0.046192 -0.009005 -0.090700 0.973366 0.164104 -0.364732 0.343764 -0.027921 -0.001934 0.028775 -0.023429 -0.010937 -0.065433 -0.002825 0.027254 -0.197414 -0.071548 0.290276 -0.212044 
-0.016505 0.004977 -0.020201 0.126775 -0.102024 0.068438 -0.089065 0.005950 0.096004 0.781345 0.124219 -0.043252 0.019920 0.001016 0.022457 -0.072654 0.090300 -0.063318 0.083431 0.071829 -0.041770 0.010849 -0.036537 0.151014 
-0.076458 -0.100462 -0.099300 -0.050978 0.000852 -0.134478 -0.027828 -0.222353 0.065127 -0.013483 0.813134 -0.368265 0.048060 0.036725 0.027858 -0.010498 -0.025279 0.063457 0.009800 0.116603 -0.056662 -0.019337 -0.092801 0.439894 
-0.032142 0.013823 -0.040691 0.063215 -0.031705 -0.013782 0.133806 -0.103581 0.051254 -0.083375 0.141378 0.861088 0.013299 -0.018055 0.009973 -0.020408 0.039949 0.060862 -0.093681 0.180413 -0.101836 0.184530 -0.082661 -0.073397 
0.183389 -0.151454 0.098253 -0.297405 0.377695 -0.165808 0.009540 -0.076770 -0.730477 0.843431 -0.146808 0.250348 0.725250 0.155480 -0.062687 0.357607 -0.404959 0.015457 0.035202 0.156633 0.791415 -0.802269 -0.009655 -0.483159 
0.148140 0.147717 0.173125 0.051224 -0.004540 0.431120 -0.217105 0.345139 -0.113561 0.054356 0.143667 0.531069 -0.119787 0.923510 -0.078596 -0.148259 0.112539 -0.540519 0.210672 -0.189767 0.165863 0.012415 -0.189260 -0.660361 
-0.112647 0.023792 0.239308 0.029967 -0.166638 0.134548 -0.064234 0.347640 -0.427632 0.592864 -0.597412 0.600323 0.098237 -0.069181 0.622789 0.083508 0.067246 -0.005569 -0.058905 -0.353530 0.461474 -0.488296 0.188260 -0.271132 
0.049134 0.046646 -0.018525 0.272704 -0.003283 -0.047341 0.212136 -0.163176 0.169142 -0.001095 -0.266508 0.683985 0.007514 -0.114689 0.016420 0.636016 0.114634 -0.133331 -0.104131 0.078339 -0.119340 0.027920 0.153635 -0.741184 
-0.088761 0.031170 -0.106147 0.018033 0.190263 -0.079862 -0.152637 0.147518 -0.508231 0.328438 0.060537 -0.044122 0.047460 -0.055137 0.107340 -0.046792 0.669815 0.127622 0.098390 0.088693 0.400448 -0.278735 -0.184798 0.037972 
0.021054 -0.107896 0.044373 -0.157286 0.068720 -0.032480 -0.032934 -0.114074 -0.077764 -0.034047 0.122439 -0.271681 -0.012278 0.016360 -0.030084 0.019501 -0.119777 0.787117 0.011575 0.002457 0.109454 -0.081624 -0.222135 0.084776 
0.034483 0.000695 0.065963 0.058281 0.058424 -0.074634 0.275626 -0.154680 0.032890 0.124347 0.142744 -0.279757 -0.031181 0.003486 -0.111652 -0.105155 -0.087926 -0.030073 0.502413 0.131594 -0.061139 -0.130912 -0.151376 0.117050 
0.004192 0.102790 -0.127472 0.075212 -0.052728 -0.092660 0.177561 0.201874 -0.263929 -0.026554 -0.050761 0.006881 -0.016682 -0.031285 0.132822 -0.015011 0.136257 0.055997 -0.192609 0.621812 0.283620 0.129644 -0.028591 0.097137 
0.065846 0.080979 0.035527 0.048588 -0.048604 0.157382 -0.055359 -0.103696 0.429878 -0.036249 -0.251525 0.309195 -0.031686 -0.043040 0.016167 -0.073676 0.028401 -0.217276 0.051491 -0.000990 0.350178 0.134583 0.244126 -0.266115 
0.024395 0.038226 0.034763 0.073901 0.057463 -0.030477 0.142902 0.021135 0.086238 0.116488 0.039418 -0.090109 -0.002683 -0.028563 -0.029370 -0.010791 -0.022796 -0.011222 -0.154590 0.092094 -0.092840 0.684375 0.117704 0.230364 
-0.015901 -0.093487 -0.003548 -0.135360 0.217376 -0.189994 0.066957 -0.227791 0.250634 -0.084886 0.343002 -0.746316 0.009696 0.012216 -0.068608 0.013280 -0.212518 0.071858 -0.075424 0.088499 -0.291027 0.075274 0.430868 0.745025 
-0.023000 0.042854 -0.075878 -0.000145 -0.041127 -0.101169 0.193187 -0.115058 -0.030850 -0.095379 0.153029 -0.010952 0.009286 -0.060437 0.016353 0.061337 0.050171 0.130749 -0.180938 0.183839 -0.087097 0.244777 -0.112694 0.794206 
0.001421 -0.003501 0.000356 -0.002421 -0.001905 -0.000836 -0.002176 -0.002259 -0.000890 -0.000038 -0.000830 -0.000446 0.003806 -0.003764 0.003609 -0.006703 -0.004654 0.000765 -0.003628 -0.005304 -0.000187 -0.000908 -0.001938 -0.001372 
1.0 1.0 1.0 1.0 1.0 1.0 1.0 1.0 1.0 1.0 1.0 1.0 1.0 1.0 1.0 1.0 1.0 1.0 1.0 1.0 1.0 1.0 1.0 1.0 
3
0.935378 -0.000166 -0.030201 
-0.002784 0.895791 -0.005630 
0.002935 -0.001150 0.946505 
0.081931 -0.023191 0.023223 
1.0 1.0 1.0 
12
0.958106 -0.011591 -0.017824 -0.018010 -0.027778 -0.005921 -0.059956 -0.005282 -0.046348 -0.092012 0.091919 -0.215463 
0.006709 0.983485 0.016427 -0.004822 0.002003 -0.013648 -0.003385 0.029205 -0.041780 0.094276 -0.049496 -0.022588 
-0.019186 0.002270 0.930957 0.043497 -0.046155 0.009366 -0.098850 -0.016014 -0.002417 -0.046972 -0.074183 -0.067571 
-0.005781 -0.057058 0.021013 0.880486 0.027344 -0.093926 -0.043725 -0.054315 -0.055864 -0.053640 -0.118116 -0.065112 
-0.002051 0.006689 0.006463 0.044141 0.912423 0.063400 -0.016101 0.092044 -0.018500 0.083164 0.058661 -0.024313 
0.000630 -0.046883 -0.005046 -0.069497 0.031755 0.802036 0.021460 -0.042354 0.006702 -0.071231 -0.005003 -0.124709 
-0.018320 -0.009189 -0.060731 -0.063432 -0.029302 0.020905 0.763034 0.042424 -0.106103 -0.017352 -0.072714 -0.071416 
0.006369 0.025952 0.047130 0.004407 0.080960 0.019697 0.091822 0.770362 0.094039 0.058185 0.073467 0.147720 
-0.040080 -0.020428 0.000027 -0.052591 -0.026319 -0.079645 -0.034750 -0.009424 0.676428 0.127598 -0.191701 0.006306 
-0.019664 -0.012738 0.006807 0.004576 -0.023822 -0.023466 -0.002689 -0.015644 0.092657 0.704605 0.038979 0.004270 
-0.064201 -0.068081 -0.065345 -0.070756 -0.075872 -0.064745 -0.107808 -0.059070 -0.038714 -0.025367 0.568848 -0.040652 
-0.028825 -0.058634 -0.037059 -0.003895 -0.030527 0.007297 -0.008314 0.000180 -0.056679 0.016365 0.020018 0.650948 
-0.003368 -0.001382 -0.001245 -0.003706 -0.003137 0.000915 -0.000394 -0.000596 0.000571 -0.001490 0.000480 -0.000842 
1.0 1.0 1.0 1.0 1.0 1.0 1.0 1.0 1.0 1.0 1.0 1.0 
