1
1
29
0.827583 0.119085 -0.081016 0.038220 0.053718 -0.082127 -0.014997 0.104626 -0.098115 -0.082729 -0.049467 -0.476081 -0.016816 0.019216 -0.073695 -0.148780 0.019201 0.304845 -0.133422 0.124880 -0.251160 0.035346 -0.019020 -0.036324 -0.122771 -0.167739 -0.033069 -0.056428 -0.257265 
0.012379 0.781063 0.064283 -0.043441 0.031357 -0.051137 0.055503 -0.030721 0.098447 -0.059201 0.121637 -0.072735 0.116498 0.004189 0.057316 -0.073713 -0.015171 0.012626 -0.035721 -0.118843 -0.052151 -0.158345 0.048466 0.033213 0.065331 -0.221599 -0.232557 -0.133345 -0.016198 
-0.135933 0.032972 0.714941 -0.035196 -0.062387 0.098490 0.130815 -0.028705 -0.028075 -0.203556 0.075678 -0.147555 -0.108409 0.063075 -0.023431 -0.065876 -0.132084 -0.178489 -0.148593 -0.156252 0.221815 0.128016 0.072908 -0.125703 -0.245507 0.106619 -0.021140 0.092435 -0.185477 
0.017112 0.003250 -0.004973 0.736591 0.073986 0.010338 0.011489 -0.100992 0.078304 0.026781 -0.026701 -0.079916 -0.051738 0.072020 -0.034080 -0.046368 0.043145 0.020480 -0.030453 0.067371 0.025373 0.121951 0.029720 0.205984 0.064039 0.038040 -0.014320 0.099990 -0.006380 
-0.001478 0.019974 0.001045 0.020701 0.903605 -0.047878 -0.032117 0.022398 -0.003440 0.028157 -0.022189 0.049387 0.001639 -0.092124 0.017574 -0.005495 0.019254 0.044802 0.026201 -0.013400 -0.026131 -0.078637 -0.114278 0.069168 0.041907 0.005724 0.012612 0.120606 0.314430 
-0.021222 0.032523 0.033558 0.029066 0.038154 0.667614 0.012378 0.028338 0.027039 0.020534 0.059990 -0.059078 -0.052478 -0.011334 -0.000027 0.089559 -0.022211 -0.071212 0.008563 -0.077268 0.045164 0.055594 0.005769 0.087752 0.009286 0.074761 0.149083 0.054010 -0.189967 
-0.000770 -0.045454 0.010419 -0.051170 0.060410 -0.013129 0.925989 -0.014013 -0.039857 -0.009808 0.044675 -0.080349 -0.064044 0.051288 0.034901 0.088086 -0.107487 -0.006932 0.064093 -0.007059 0.084139 0.008792 -0.095583 0.157909 -0.054408 0.058557 0.084460 0.010094 -0.111102 
0.009267 0.060773 -0.006441 -0.072999 -0.011407 -0.034092 0.066469 0.938754 -0.005933 -0.099092 -0.015208 -0.013029 0.017681 -0.017766 0.051979 0.054129 0.040211 0.030224 0.011289 -0.082353 0.110090 -0.132974 -0.012435 -0.093393 0.030148 -0.038861 0.051825 0.063061 0.061334 
-0.011665 0.017726 -0.008722 -0.004055 0.037097 -0.046398 0.018004 -0.063161 0.531110 -0.004686 0.011631 0.047383 -0.006554 -0.016242 -0.018209 -0.012332 0.053458 -0.018353 0.038974 0.024333 -0.034379 -0.077756 -0.122990 -0.047769 -0.027403 -0.011700 0.026586 0.018246 0.039324 
-0.026029 -0.027298 -0.023616 -0.004831 -0.008043 -0.002233 -0.010602 -0.017457 0.046532 0.758281 0.020313 0.075649 -0.002585 -0.023294 -0.023899 -0.062893 -0.024323 -0.024466 0.022972 0.027286 0.000549 0.035601 -0.011076 0.073246 0.069781 -0.042393 -0.025675 0.077393 0.005127 
-0.062062 0.058216 -0.015263 -0.039434 -0.027555 0.022201 0.078469 -0.007615 0.062100 0.024271 0.695153 -0.141655 0.021585 -0.022414 0.003951 -0.006212 -0.044848 -0.077250 0.062682 -0.086240 -0.044594 -0.173319 0.013751 0.089365 0.101834 0.116424 -0.170108 -0.021637 0.089227 
0.023924 -0.051492 -0.006521 0.012335 -0.071064 0.023688 -0.014323 0.004803 0.047977 0.009951 -0.001014 0.658871 0.060412 -0.017161 -0.035528 0.053148 -0.031169 0.070682 0.055287 0.015189 -0.073148 -0.038609 0.035597 0.030604 -0.045643 0.029727 0.044904 0.081959 -0.039343 
-0.000609 0.011613 -0.016335 -0.008852 -0.019880 -0.011725 0.043474 -0.019555 0.090699 -0.126330 -0.033657 -0.031190 0.938911 -0.048037 0.046982 0.014813 -0.038095 0.000197 0.024314 -0.031737 -0.123814 0.041714 -0.031184 -0.052622 0.016991 0.019647 0.083801 0.023100 0.129932 
-0.005986 0.002469 -0.022600 -0.021004 -0.096159 0.021711 -0.057648 0.009319 0.005484 0.020687 0.036335 -0.024580 -0.020055 0.680613 -0.004576 -0.041365 0.111925 0.012507 0.043566 -0.002545 -0.004532 -0.049322 -0.034690 -0.011777 0.001736 0.059877 -0.111835 -0.175047 0.010918 
0.058723 0.118410 -0.033270 0.038765 -0.019567 0.084536 0.050881 0.057157 -0.138507 0.023236 -0.002605 -0.040674 -0.089616 0.038588 0.526763 -0.076198 -0.008593 -0.151891 -0.024495 0.228057 -0.054118 0.053660 -0.024692 0.046082 -0.011389 0.323789 -0.119736 -0.032515 0.100139 
-0.006820 -0.019676 -0.006494 -0.043458 -0.074590 -0.036731 0.035039 0.008828 0.109144 0.021729 -0.019539 0.031283 -0.110465 -0.017236 -0.055698 0.536629 0.006393 0.014887 0.045780 0.017538 0.078372 0.094615 0.039684 -0.029762 0.107218 -0.010147 -0.040966 0.033312 0.291847 
-0.028067 0.025303 -0.014419 0.005969 0.034059 0.060439 0.004442 0.011369 -0.020253 0.032937 -0.051196 0.028634 0.023254 -0.013567 0.005115 -0.028767 0.716645 0.014743 -0.082388 0.018920 -0.024002 0.001161 -0.012415 -0.017282 0.021494 -0.026973 -0.012993 -0.021473 -0.005673 
0.031985 -0.079659 0.130628 0.035509 0.002373 -0.076138 -0.021453 -0.011963 -0.008722 0.060902 -0.049663 -0.226736 -0.035228 -0.018900 -0.080577 0.119846 0.083389 0.605648 0.003366 -0.049604 -0.066908 0.064404 -0.010599 -0.023834 0.072562 -0.037577 0.017393 -0.072231 0.283935 
-0.012107 -0.037194 -0.012240 -0.012285 -0.001784 -0.010103 -0.022651 0.012329 0.008742 0.071268 -0.005405 0.107761 0.038277 -0.023775 -0.026206 0.048360 0.004480 0.033356 0.683570 0.094315 0.079249 -0.077457 0.019971 0.092838 0.027290 0.052270 0.049437 -0.087891 -0.044817 
0.021809 0.136983 0.004760 -0.039729 -0.023731 -0.037654 -0.082760 -0.021053 0.005235 -0.022490 -0.065027 0.008914 0.097589 -0.022874 -0.094166 -0.013700 -0.081056 0.062531 -0.099196 0.673914 0.075677 0.063130 0.024906 -0.089673 0.007263 -0.153263 -0.169587 -0.044879 -0.071080 
0.001318 -0.002891 0.008947 -0.007462 0.007596 -0.016426 0.038608 0.033868 0.037026 0.006562 -0.005526 -0.018731 0.014418 0.001821 -0.008892 0.024513 0.035238 -0.021713 0.046248 -0.059019 0.883160 0.000223 -0.046969 -0.028574 0.015807 -0.031666 0.003347 -0.031168 -0.091865 
-0.005506 -0.039488 0.009946 0.021008 -0.015441 -0.012664 0.015263 -0.027317 0.017730 0.025835 -0.011812 -0.109347 0.036598 0.033868 -0.016061 -0.111378 -0.047602 0.065198 0.010208 -0.021241 0.022792 0.759951 0.077282 0.043460 -0.087505 0.054391 -0.072880 -0.047186 -0.130818 
-0.009758 -0.003644 -0.022426 0.017514 -0.065700 -0.000056 0.093130 0.025773 -0.020771 0.033685 -0.022458 0.025587 -0.055423 -0.015028 0.007723 -0.006600 0.123890 -0.011143 -0.012358 0.022220 -0.014605 0.017248 0.737990 -0.087537 0.017227 0.051951 0.009843 -0.018480 0.054623 
0.017534 0.002163 -0.005463 0.034088 0.009627 0.007930 -0.023484 0.012068 -0.024249 -0.023965 -0.023792 -0.056072 -0.023142 -0.018848 -0.025780 0.001850 0.015113 0.006521 -0.025591 -0.012990 -0.003710 0.079578 -0.065073 0.828004 -0.002504 0.048976 0.052624 -0.061841 0.053879 
0.104784 0.073404 -0.073691 -0.006079 -0.028154 -0.026355 0.035832 0.066059 0.073495 -0.013853 0.005527 0.006267 0.026143 -0.039730 -0.014886 -0.079040 -0.006430 -0.011366 -0.017001 0.033619 -0.030655 -0.038443 0.024219 -0.018572 0.402812 -0.083146 -0.047567 0.066691 -0.044395 
0.124648 -0.005863 0.050807 0.038199 -0.002205 -0.024949 0.047176 0.025578 -0.083110 -0.012931 -0.004535 -0.037701 -0.034199 0.029411 -0.077571 0.028230 0.039255 0.015802 -0.045226 0.183775 -0.094653 0.043795 -0.007097 0.035762 -0.041980 0.327771 0.044303 0.055367 -0.115002 
0.009237 0.001857 0.019541 0.007540 -0.039907 -0.003509 0.017396 0.050899 -0.012949 0.019186 -0.036249 0.023290 0.026705 -0.014830 -0.002940 0.102739 0.000583 0.015495 -0.004135 -0.009119 -0.052266 -0.081074 -0.046367 0.063623 -0.027498 0.050382 0.673646 0.011299 -0.055988 
-0.002802 -0.030312 0.006544 0.011398 -0.003645 0.025484 -0.020203 0.031522 0.042776 0.054875 0.002027 0.032698 -0.006764 -0.011064 -0.026222 0.058515 0.025527 0.001038 -0.008102 0.039058 0.022877 -0.051298 0.003525 0.107470 0.034071 0.002696 0.004558 0.824843 0.086177 
-0.018357 0.009025 -0.003531 -0.000317 0.125447 -0.003124 -0.007732 -0.012725 -0.016031 -0.039557 -0.006535 -0.036105 0.039367 -0.003424 -0.003066 -0.003293 -0.030057 0.017792 0.010855 0.005590 -0.064242 0.105886 -0.007464 -0.027573 0.011827 -0.026438 0.058223 -0.021733 0.832226 
0.471842 0.071780 0.043852 0.014641 -0.001956 -0.015873 0.008470 -0.006199 0.001373 -0.018637 0.012101 -0.032916 0.001547 -0.028838 0.058297 -0.037628 -0.024360 -0.073222 -0.029756 0.039022 -0.004745 -0.036596 -0.016258 0.004882 0.053758 0.063668 -0.015566 -0.006243 -0.008532 
1.0 1.0 1.0 1.0 1.0 1.0 1.0 1.0 1.0 1.0 1.0 1.0 1.0 1.0 1.0 1.0 1.0 1.0 1.0 1.0 1.0 1.0 1.0 1.0 1.0 1.0 1.0 1.0 1.0 
